32769
3
32772
8
9
22
32792
28
32801
38
53
32821
32824
32830
32832
32839
79
85
93
94
32872
32880
32881
120
32894
32899
32901
137
140
32911
32913
32923
32929
32949
32950
181
32952
185
189
32967
203
32974
32982
218
219
228
231
33006
243
33013
33018
33024
33035
275
284
295
33067
33073
309
33082
317
325
332
350
33119
361
33134
368
372
33140
33146
33149
33156
33162
33169
401
33173
406
33177
33187
33190
33192
426
33202
33210
443
33213
449
455
463
476
33246
479
33249
33256
33258
33267
504
508
511
33280
512
530
532
533
33302
542
548
549
33321
33325
33326
33337
33347
581
583
589
596
33366
33379
615
33384
33386
33387
33388
33392
627
634
635
641
33414
651
33427
667
669
33438
676
33455
33459
33460
33461
691
699
706
716
33493
726
33498
33504
33505
33512
750
756
33528
33533
776
778
33547
33552
33553
786
788
33557
793
33562
33569
33578
33581
815
33589
33591
33594
835
33620
855
33629
874
876
33653
903
906
33677
909
918
921
33690
33692
927
933
33702
33703
33708
943
944
33713
33715
33717
33720
33722
954
957
964
33741
33749
982
984
33753
985
33756
1004
33773
33777
1010
1013
1015
33794
1029
33800
1032
1055
33824
1058
1063
33832
33840
1077
1078
33849
33850
1092
33869
1102
33871
1112
33881
1116
33899
1132
33907
33908
33910
33912
1146
33920
1153
1168
33938
1171
1176
33945
1177
33948
33955
1188
33968
1208
1214
33986
33989
33990
33996
1229
1231
34001
1233
1247
1250
1265
34041
1274
1290
34059
34069
34075
1314
34083
34085
1318
34088
1320
1321
1328
34100
34102
1354
34124
34129
1362
34130
1368
1379
1381
1383
1385
1388
34158
34161
1398
1401
34178
1411
34180
1415
34187
34188
34191
34208
34209
34232
34240
34249
1490
34262
1496
34268
34272
1509
34281
34284
1525
1527
1530
1537
34305
34315
1549
1551
1559
1563
1576
34350
34359
34361
1604
34392
1627
1630
34414
34420
1652
1656
34425
34426
1659
34433
34436
1669
1670
1673
1674
34451
34461
1693
34462
34468
34475
1708
34479
34486
34496
1739
1740
1760
34529
1765
1768
34536
34547
1781
34581
1813
1818
1822
1832
34603
1841
1845
34621
1856
1857
34629
1862
34642
34647
1894
1901
34672
34673
1911
34681
1916
34686
34688
34692
1925
1936
1940
34710
1945
1946
34725
1958
34739
34741
1977
34756
34760
34764
34765
1999
34770
2002
34773
34774
34775
2010
2025
2032
2046
2053
2064
34836
34848
2082
34856
34857
2109
34878
34896
2140
2150
2151
34918
2153
2159
34929
34931
2164
34933
2169
2171
2173
34943
2179
2180
2193
34970
2204
34981
2215
34996
35000
35001
2232
35003
2236
2249
2251
35021
2261
2264
35038
2271
35046
2282
35057
2291
35060
35071
2304
35075
35080
2314
35082
2315
35094
2339
35117
2352
35125
35128
2362
35133
35137
2374
2378
35150
2391
35166
2404
2406
35177
2418
2419
2427
35206
2442
35211
2467
35237
35242
35244
2480
35249
35254
2490
35261
2496
2499
2501
35270
2505
2506
2517
2532
2533
2537
2542
35310
2549
2555
2558
2561
35333
35335
35347
2580
35353
2585
35359
2594
2607
2608
2609
2612
35390
2639
2646
35432
35433
2667
2672
2675
2683
2691
35460
35464
2707
35480
2739
2740
2741
35515
35521
35522
2754
35523
35535
2777
35549
35552
35557
35570
2803
2805
35588
2822
35591
2825
2842
35615
35629
2861
35637
2875
2877
2878
35647
35648
35650
35653
35666
2899
35671
2903
35678
2932
35703
35707
35708
35709
2948
2951
35729
2969
2970
2974
2982
35754
2986
3001
35770
35771
3005
35775
35777
3014
35786
35790
3022
3028
35797
3032
35801
3035
35804
3043
3051
3056
35827
35829
3075
35846
3091
35869
35871
3109
35877
35878
35881
3117
3125
35898
3130
3135
35923
3156
35927
35928
35930
35934
35937
3173
3174
35950
35957
3189
3207
3214
35984
3217
3218
3219
3224
3226
3232
36007
3241
36021
36022
3260
36034
36035
3268
36038
36046
3281
3288
3292
3301
3311
36090
36091
36092
3327
3341
36115
3352
36120
36124
36132
36133
3372
3376
3398
3412
3424
3427
3428
36197
36196
3436
3440
36210
36219
3461
36233
3469
3475
3486
3494
36263
36264
3500
36274
36275
36276
3519
36299
3533
36301
3537
3541
3543
36311
36313
36312
36317
36328
3565
36336
36339
3580
36355
3588
36356
36357
36377
3609
3611
3622
36394
36399
3634
36405
36406
36415
3649
3650
36422
36429
36431
3670
3689
36463
3697
36466
3699
3714
3736
36512
3752
36521
3763
3771
36546
36550
3782
36555
36557
36565
3804
36575
3807
3827
36595
3829
36598
3832
36609
36611
3846
36615
36617
3852
3854
36624
3865
3866
36635
36636
3869
36645
36656
36662
36672
3911
3915
3916
36684
3925
3931
3937
36707
3942
36712
3945
3949
36718
3952
3953
36723
3955
36738
3975
3978
3980
36751
4000
4007
4010
36788
36790
36801
36803
4039
36808
4041
36809
4043
4044
4046
36816
36824
4059
36832
4069
36838
4072
4073
4074
36844
36865
36870
4108
4119
36889
36894
4127
4144
36926
4164
4165
36937
36943
4176
36951
36959
4191
4193
36961
36963
36981
36996
4235
37007
37016
37018
37029
37033
37039
37043
4280
37051
37058
4290
37069
37079
37083
37086
37087
37093
4327
4331
4334
37103
4344
37113
37114
4347
37115
4349
4348
4363
4367
37138
37148
37150
37155
4388
4390
37162
4399
37184
4422
4424
37195
4432
4433
37207
37224
37225
37227
4463
4464
4467
37241
4475
37244
4478
37251
4498
37267
4510
4520
37291
37293
4532
37307
4541
4546
37324
37326
37330
37331
37339
4584
37352
37361
4597
37366
37365
4600
4605
37376
37378
4618
37391
37392
4633
37401
4638
4639
37411
37414
4651
37423
37427
4660
4659
4665
37439
4673
37444
37448
4681
37462
4704
37481
4717
4742
4744
37513
37514
37518
4768
37538
4775
4787
37562
37572
4809
4812
4826
37595
37596
4829
37603
37606
4839
37611
4845
4848
4850
4852
4862
37638
4874
37646
4880
37649
4882
4887
4891
37668
4904
4907
37676
4911
4934
37711
37720
37731
37749
4985
4989
37761
4994
4995
37772
5007
5008
37781
5015
37786
5041
5046
5048
37820
5063
5070
5074
37846
5089
5091
5099
5103
5105
5108
37877
5111
37881
5113
37884
5121
37890
5132
5139
5142
37913
5157
37932
5166
37937
5193
5200
37971
5204
37979
5212
37987
37988
37996
5229
37998
5233
38003
5241
38017
5249
5252
5253
38023
38029
5263
38035
38040
38041
5272
38051
38053
5287
38061
38065
38071
38074
5309
38079
5312
38081
38087
38092
5326
38096
38099
38106
38108
38122
38133
5365
38138
38139
38149
5384
38153
38160
38166
5401
38170
5403
38172
38169
38174
38178
5411
5410
38181
5412
38185
38187
5421
5425
5436
38206
38211
38220
38222
5455
5465
5474
5480
38256
5495
5498
38292
38293
5536
5537
5538
38308
5543
5547
5549
38326
5560
5561
38335
5596
5612
5613
38382
38383
38384
5616
5618
5619
38395
5635
5645
5648
5650
5655
38427
5659
5662
38435
38438
38440
38445
38450
5684
5687
5691
38470
5703
5709
38479
38481
5713
5715
5721
5723
38495
5730
5736
38511
5743
5753
38521
38537
38541
38545
5778
38548
5796
5802
5804
38581
5814
5815
5813
38590
38592
5832
5836
38607
38609
38611
38613
5847
5856
5861
5868
5878
38650
38654
5887
38658
5890
38677
38680
38698
5930
38705
5944
5950
5953
38726
5959
38727
38742
38747
38760
38769
38771
38775
38778
38784
38791
6034
38804
6046
6051
6052
6057
6058
38831
6069
6074
38845
6079
6089
38859
38864
6100
6103
38874
6111
38880
38894
6136
6137
38916
38918
6150
38921
6158
6161
6168
38936
38943
38947
6184
38952
6190
38966
6201
38977
38984
6217
6219
38988
6222
38991
38992
38994
6237
39010
6246
39017
6250
6260
6261
6267
6297
6302
39075
6310
6313
39088
39092
39094
39095
39096
6329
6333
6334
39102
6337
6342
6343
6345
6352
39121
6363
39132
39140
39146
6381
6388
39158
39163
39176
39180
6415
6418
39190
6435
39205
6442
39214
6446
39216
6455
6470
6479
6498
6513
6515
39285
6519
39289
39290
6525
39293
6528
6536
39305
6540
39309
6545
39316
39324
6565
39334
39350
6585
6598
39368
6601
6602
6603
39373
6616
6624
6626
6627
6632
6639
6657
39440
39449
39459
39465
39466
6704
39472
6706
39488
39493
39502
6736
6742
6748
6749
6751
39522
6756
6758
6763
39535
6779
6780
39548
6783
6788
6791
39568
6809
39586
39587
39589
6823
39593
39602
39606
39616
39617
39619
39620
39622
6854
6856
6858
6872
6874
39650
39653
39664
39667
6914
6918
39687
39690
6926
6945
6946
39715
6949
39720
39724
39725
6967
39744
6988
6992
6994
39763
7000
7001
7007
7014
39785
7017
7019
39788
39793
7026
39798
7047
7051
39822
7070
39842
39844
7077
39847
39854
7092
7100
7104
39872
39883
39884
39889
7127
39909
39910
7146
7148
39917
39919
39920
7154
7156
7164
39936
7168
7172
7177
39957
39964
39983
7219
7238
40007
40011
7246
7247
40015
7259
40039
40043
7276
40049
40053
7285
7297
40068
40072
7305
40098
7333
7335
40106
40107
40109
40127
7368
40139
40142
7386
7389
40160
40165
40166
7401
40170
7408
7413
7425
40196
7430
40206
40214
7448
40216
40222
40228
7479
40253
40255
7490
40259
40261
40270
40285
40295
7532
7535
7539
7542
40313
7555
7556
40334
7575
7581
7584
7589
7605
7612
40385
40388
7630
40404
40409
40410
40412
7647
7651
7653
40431
40432
7664
40436
7671
40445
7681
40459
40464
40474
40492
7727
40499
40507
7741
40512
40513
7747
40522
7757
40529
7771
7773
7777
40546
7786
7787
7788
40565
7811
40603
7841
7847
40619
7855
7856
7867
7868
7873
7879
40653
40654
40665
40667
40669
40678
40680
40683
40685
7925
7928
7945
7955
40730
40736
7970
7973
7974
7979
7982
40757
40764
7999
8004
8006
8008
40776
8011
40780
40781
8013
40787
40791
8024
8026
8031
40800
8035
8057
8091
8094
8097
8098
8099
40870
40876
40878
8124
40905
8137
8141
8150
40921
40922
8154
8159
40928
8172
8173
8174
8178
8187
8195
8198
40970
8209
8215
40984
8220
41001
8238
41015
8249
8251
8256
41025
41026
8264
41037
41040
41044
41045
8290
41059
8295
41067
41071
41073
41081
41082
41083
8317
8324
41102
41110
8348
41133
41155
41158
41160
41167
41168
8399
8402
8409
41178
41179
41192
8424
8430
8445
8447
41217
41224
41233
8471
41243
8479
41249
8486
8487
8506
41276
8519
41289
41298
41301
41307
8540
8539
8550
41321
41322
8555
8558
41328
8563
8576
8584
41370
8615
8616
8620
8622
8632
41406
8640
8641
41411
41413
41414
41415
41421
41426
41429
41435
41437
41439
41445
8680
41453
41461
41469
8701
8703
8705
41473
8718
41492
8730
41500
8736
8737
41506
8739
8748
41520
8753
41530
41531
41536
41538
41545
8779
41553
41564
8805
41573
8806
41576
41578
8811
8813
41582
8822
41590
8827
8831
41613
8848
41617
8850
41616
41630
41631
41632
8867
8871
8872
8880
41649
8883
8892
41663
41664
41675
41676
41680
41691
8924
41698
8937
8942
41713
41715
8954
8958
41728
8962
41735
41741
8984
8989
8998
9004
9012
41780
9014
9015
9016
9026
9035
41805
41807
9039
9057
9070
41842
41846
9086
41855
41858
41860
41861
9094
41875
41876
9111
9112
41884
9123
41896
41905
9143
9145
41921
9156
41925
41936
9174
41944
41948
41967
9199
41969
41968
41983
41984
9217
9216
9221
41989
41994
9237
9238
42014
9257
9264
9265
42039
9277
42049
9310
42099
9334
42105
9342
9345
42114
9346
9347
9348
9359
42129
9366
42136
42148
42154
42156
9389
9388
9391
9397
9408
42182
9416
9423
9427
42197
9438
42208
9441
9442
9443
42213
42223
9472
42246
9479
42258
9492
9496
42266
9499
42273
9508
9517
42289
9522
9528
42303
42308
42312
9548
9549
42325
42328
9570
42340
42342
9578
42351
42355
42362
42364
9604
42373
9606
9610
9619
9638
9648
42424
42426
9661
42439
42453
9685
9694
9695
42467
42470
9705
9720
42490
42497
9736
42505
9737
42507
9748
9753
9754
9758
42528
42529
42531
42545
9779
9784
9798
42569
42570
9807
42588
42590
42601
9836
42606
42629
9862
42633
42639
9875
42644
42651
42652
42662
42665
9898
42674
9907
42677
42681
9916
9921
42694
9926
42702
9939
42711
9947
9950
9955
42729
42731
9969
9972
42746
9982
9986
9995
9998
9999
10006
42775
42786
10019
10021
42795
10028
42807
42808
42811
10048
42816
42827
42832
10065
42837
42839
10075
10080
10081
10093
10103
42871
10104
42880
42889
10125
42894
10137
42910
10148
42922
42942
10178
10180
10183
10184
10186
10193
10200
10205
10218
10219
42988
10221
10232
43004
10240
43010
10248
43029
10262
43036
43042
43049
10296
43065
43069
43070
43071
10306
10316
43095
43099
43104
43107
10347
43116
10349
43119
43120
43121
10354
10357
10359
10361
43140
43141
43145
43147
10384
43153
10387
43165
10402
43172
10405
43186
43194
10438
43230
10465
43238
43243
10479
43252
10502
43274
10520
43293
43294
10529
43309
10541
10543
10550
10557
10559
10564
43334
43336
43341
10576
10578
43346
43357
10601
43369
43377
10613
10616
10619
10620
10625
43398
43407
43430
10673
10676
43445
10679
43448
43449
43447
10683
43453
43465
10699
10706
43479
43488
43493
10750
10753
43523
10763
43544
10777
10780
43549
43551
43561
10795
10801
43573
43575
10808
10813
10829
43607
10848
43619
10855
43628
43630
10877
10881
10882
43651
10884
10887
10893
10900
10902
10915
10917
43696
43697
43707
43709
43711
43712
10944
10947
43718
43721
10955
43736
43738
43742
10984
43760
11005
11007
11010
43782
43794
11028
11041
43816
11053
43825
11061
43829
43833
11067
43840
11078
43851
11084
43856
11101
43869
43873
43879
11117
43906
11139
43912
43913
11146
43914
43923
11166
11167
43940
43945
43955
11192
11196
11206
11207
43983
11215
44000
11238
11249
44017
44029
11270
44049
44054
11287
44055
44057
11289
44070
11303
44074
44078
44082
11318
44091
11328
44098
11334
11344
44112
11346
44145
11384
11395
44166
11398
44167
11412
44180
11415
11432
11434
11446
44221
11457
44230
44231
11465
11478
11482
44260
11508
44284
44285
11519
11533
44305
11541
44322
44329
11567
11575
44346
11579
11578
11594
11613
44385
11620
44391
11630
44399
11637
11639
44413
44422
11658
44429
11662
44432
11666
44441
11674
11679
11683
44457
44459
44460
11694
11695
11697
44466
44470
44471
11703
11705
44481
44483
44484
11719
44488
11725
11730
11731
44501
44505
44506
11737
11742
44518
11750
11754
11759
44529
44530
11761
11771
11780
44550
44555
44561
44568
44569
44571
11806
44577
11812
11823
44603
44615
44617
11851
44619
11854
44638
44648
44653
44656
44662
11902
44681
44686
44691
44703
44715
44718
44719
44729
44730
11963
11966
11971
12011
44784
12026
12029
12031
44801
12033
12042
12044
44814
44825
44836
12072
44841
12083
44852
12098
44872
12108
44881
12114
12117
44887
44890
44891
44896
12128
12129
44899
12132
12140
12143
12148
12151
44921
12162
12170
44947
44954
12192
12194
12210
12217
44985
44992
12226
44997
44999
12234
12235
45017
12250
12251
45020
45023
12266
45036
12268
12270
45038
45045
45056
45064
45069
12302
45072
45083
45085
45086
45088
45091
45092
45106
45108
45115
12351
12364
45136
12369
12376
45147
45151
12386
45155
12388
12391
12395
45164
45165
12401
12409
12412
45181
45188
12423
45192
12428
12434
45215
12459
45234
12466
45240
45243
45246
12479
12480
45249
45253
45271
45274
12508
12509
45277
45283
12517
12518
12522
45291
45305
45306
12542
45323
45327
12571
12581
12583
45352
45354
45359
45367
12603
45379
12611
45388
12620
12625
45398
45410
45412
45413
45424
12657
12658
45439
12673
12677
45455
45461
12696
12704
12713
45485
12740
12748
45520
12759
12772
45551
45555
12793
12795
45566
12798
12801
12811
45582
45584
12820
45591
45593
12831
45609
12843
45617
45629
45632
12879
12886
12894
45667
45684
12918
12925
12929
12935
45708
12941
45712
12959
12961
12967
45736
45743
12979
45750
45761
12995
45765
45768
45793
45796
13035
45813
13050
45819
13055
45825
13058
13070
45841
13079
45854
13088
45864
45865
13096
45867
13101
45871
13105
13106
45877
13114
45885
13118
45890
45891
45899
45902
45914
13158
45928
45931
45939
13179
45947
45949
45965
13198
13206
45974
45997
13235
46004
46006
13242
13248
13250
46020
46021
13254
13256
46027
46042
13280
46053
13287
13288
13294
46071
13308
46079
46081
13316
46084
13321
13325
13330
46106
13352
46121
46123
46125
46128
46131
46137
46138
46139
13369
46143
13378
46151
46162
13400
46170
13408
46177
46178
13424
46194
13429
46199
46210
13443
46215
13454
13457
46232
13473
46243
13477
13480
13491
13496
13497
13501
46273
13508
13511
13518
13525
46305
13538
13540
46310
13553
46323
46326
46332
13566
13569
46347
46349
13581
13583
13589
13599
46379
13615
46383
46384
13628
46400
13637
13643
46414
46418
13652
13658
46439
46443
46445
13681
46451
46453
13686
46461
13702
13711
46481
46495
13737
46505
13742
46512
13750
46521
13774
46554
13790
13795
13799
13811
13813
46582
13816
46594
13829
46600
13833
13834
13838
46619
46627
46632
46635
46654
46655
13892
46668
13903
46673
46677
13914
13919
46701
13933
46704
46706
13940
13944
46712
46719
46724
13964
13968
13971
46740
13972
46739
46752
13989
46758
13991
46761
13999
46772
14008
46779
46780
14020
46791
14028
46803
14036
14050
14057
46826
14060
46841
14077
14084
14102
46871
46879
14111
14116
46911
14143
14145
14150
14163
46933
14168
14169
14170
14176
46948
14185
14193
14194
14212
14213
14217
14225
46996
14241
14242
47017
14250
14257
14261
14270
47040
14288
14290
14296
14300
47069
14327
47097
14330
14335
14337
47106
47110
14344
47115
47117
14354
47122
14364
14373
14378
47158
47167
47170
47172
47179
47187
47193
47195
47201
14435
47214
14447
47225
47230
47235
47239
14473
47244
14481
14487
14489
47261
14501
14505
47278
47283
47284
14522
47294
14540
14547
14550
47323
14555
14557
14571
14578
47348
14581
47352
14586
14588
47360
14594
47372
14615
14622
14626
14639
47412
14654
14658
47431
14672
14682
14708
14709
47493
47495
47498
47499
14732
14734
14737
47505
14739
14740
47511
47513
14748
47520
14755
47528
14760
14762
14771
47540
14773
14774
47546
47547
47556
47558
47564
14810
14812
47582
47583
14821
47596
47597
47600
47603
47604
14861
47631
47632
14865
14871
14876
14878
14883
47653
14886
47655
14896
14897
47669
14909
14926
14927
47694
14949
47725
14958
47728
14964
47732
14972
14974
47744
14984
14986
47756
47763
14998
15006
47781
15015
15026
15038
15040
15044
15048
47821
47840
47847
47851
15094
47862
47869
15115
47888
15128
15131
47907
15141
15161
47940
15180
15182
47962
47965
47969
47981
47982
47983
47986
47992
15233
48006
15257
48034
15266
48036
15272
15273
15276
15279
48052
15284
48054
15292
15302
48081
48098
48101
48111
15345
48136
15377
48160
48164
15400
48174
48176
48177
48196
48205
15437
15448
15453
48229
15467
15478
15479
15483
15492
15495
15496
48267
15504
15505
15506
15520
48290
48293
48294
15530
48299
48303
15535
15547
48328
15573
48350
15584
15586
15590
48363
15606
15609
48384
48387
15620
15624
48395
48414
15649
15661
15662
48431
48430
15666
48437
48438
48441
48443
48448
48460
15694
48462
15703
48477
15711
48480
48488
15721
48490
48494
48498
48501
15739
15743
15744
48514
48519
15753
15761
48533
15768
15770
15776
48566
48580
15812
15818
15826
48600
15838
15856
15857
48626
15859
48628
48629
48627
48631
15880
15882
48654
15894
48662
15900
15903
15918
15919
15920
48691
15923
15925
15931
48700
48707
15943
15953
48727
48729
48734
48738
15978
15984
48758
15997
48765
16001
48770
16011
48788
48792
16028
16037
16041
16044
48816
16050
16062
16067
48839
48840
48846
48852
16085
48863
16115
48883
48887
16120
48894
48896
16129
16137
48908
16142
16145
48915
16149
48925
16157
16164
16165
48934
48936
48937
48941
48949
16184
48954
16188
16191
16195
16198
48981
48986
16226
16229
16230
49000
49004
49007
16242
49014
49019
16253
49021
49025
49035
16273
49042
49044
16278
49055
49058
49066
16318
49089
16327
49100
16340
16343
16348
49122
49123
49124
16365
49134
49140
16384
49158
16392
16413
49181
49183
49194
49198
49209
16456
49227
16460
49229
16473
49242
49241
49253
49269
16506
49276
16514
16518
16520
16525
49294
49306
16544
16546
49315
49334
49336
16570
16580
16589
16595
49369
49387
16624
49393
16639
16641
49410
16651
16656
16658
16670
16681
16687
16694
49465
16702
49474
16719
49491
49493
16725
16728
49500
49522
49525
49528
49529
49548
16782
16785
49560
49568
16811
49580
16813
49582
49581
49588
16822
49614
49622
16861
49629
16862
16872
16878
16881
49651
49661
49663
49670
16906
49674
16920
49691
16943
49714
49716
16949
49720
16955
49732
49734
16972
16974
16975
49745
49748
16986
16992
49769
49771
49772
49793
17025
49795
17026
49794
49798
17036
17037
17044
17047
49816
49817
17059
49831
17065
17068
17069
49844
17078
49849
49851
49852
49854
17094
49863
17096
17101
17102
49877
49879
17117
17120
49889
49894
49900
49906
49909
17143
49914
49920
17152
17160
49934
17170
49939
17175
49945
49951
17185
49965
49971
17204
17210
49981
17214
17215
17219
49992
17227
50008
50013
17246
50016
17252
17254
50023
17261
17263
17264
50036
17269
17268
50040
17281
50050
50052
17292
17297
50072
50076
17309
50082
50088
17327
50100
50109
50112
17346
17355
50126
50130
17366
50137
50140
17373
50142
17376
17385
50155
17417
17419
17435
50206
50210
17446
17449
17460
50231
17463
17466
17468
50237
17469
50242
17479
50251
17489
50258
17491
50267
50276
17517
50300
17541
17542
50314
17561
50330
17563
50332
17576
17581
50354
50355
50356
17592
50366
50374
17607
17610
50394
17626
17632
17636
17639
50408
50409
50410
17644
17645
17647
17649
50426
50429
17665
50440
17689
50458
17694
17697
50469
17702
50479
17712
17728
50497
17734
50505
17739
17747
17749
17773
50543
17775
50546
17787
50557
50567
50568
50572
17805
17807
50577
17810
17819
17833
17836
50604
17849
17863
50640
50644
50646
50647
17893
50675
17916
17918
50695
17933
50705
17939
50726
17959
17962
17977
17987
17992
50767
18006
50778
18011
50796
50797
50806
50808
50812
18045
50814
50817
18055
50824
50827
50834
50838
50841
18079
18081
18082
50851
50863
18108
18114
50885
18117
50894
18126
18128
50899
50907
18139
50919
50921
18158
18166
18168
50936
50939
50944
18180
50951
50952
18186
18187
18189
50960
18193
50965
18198
18200
50969
50988
51003
18237
18240
51009
51011
51016
51025
51036
18268
18275
18277
51045
51052
18284
18285
18291
18292
51063
18300
51069
51071
51073
51076
51081
18314
18324
51096
18329
18332
51101
18345
18348
51126
18378
51154
51157
18396
18401
51174
18432
51201
18436
51204
51205
18440
18443
18450
18468
51245
51249
51257
51259
51273
18510
18524
51299
18532
18535
51309
18542
51311
18543
18545
18541
51336
18571
18580
51360
18594
18604
51377
18610
51381
18630
51403
51410
18643
51423
18670
18672
18697
18700
18701
18705
51477
51480
51490
18724
18726
18730
18735
18737
51514
51518
51522
18758
51527
51526
51531
51532
18770
51540
18776
18779
51549
51557
18809
18810
18812
18814
18826
51597
51603
51611
51616
18852
18856
18860
18861
18866
18868
51642
18878
18884
18888
18914
18920
51690
18922
18925
51695
51698
51699
51703
51706
18941
51710
51711
18944
51713
18953
51723
18960
51730
18964
18968
51738
51744
18977
51745
18976
18981
51753
51755
51758
18996
51775
19013
51782
19014
19019
19023
51796
19029
19030
19032
51801
51802
19035
19041
51810
51815
19049
19057
19058
19064
51832
51835
19069
51838
51843
51845
19078
19080
51869
19107
19116
19120
51889
19122
19123
51891
51893
19127
51896
51897
51900
51903
19141
19145
19153
19156
51927
51948
19184
19212
19219
19222
51994
19228
51996
52003
52006
19244
19248
19250
52022
19256
52026
19260
19283
52053
52061
19300
19304
52080
52084
52090
19327
19329
52100
19333
19352
52121
19356
19364
19366
19369
52140
52143
52145
52150
52156
19395
52164
19398
19401
19404
52172
19406
19407
52177
19415
52185
19421
52209
52210
52231
52232
19470
19475
52246
52247
19480
19481
19494
19496
52278
19511
19519
19523
52295
19527
19529
52298
19539
19543
52315
19551
52320
19563
52336
19572
19580
19596
52372
52373
19607
52377
19612
52385
52402
52406
19643
19644
52412
19647
52416
52421
19660
52432
52433
19673
19676
52447
19687
52457
52458
52460
52468
19700
52470
52471
52478
19712
52483
19718
19722
19731
19748
52520
52521
52543
52550
52553
52554
52556
19789
52566
19798
19802
52570
19804
19805
52575
19808
19809
19811
19813
52581
52586
52590
52602
19840
52610
19851
52627
52629
19873
52642
19874
52649
19882
52652
19889
19890
52663
52670
19903
19909
52681
52683
52714
19948
19968
52737
19971
52744
19977
52748
52751
52754
19995
52764
19999
52767
20000
52768
20003
52775
52782
20017
20029
52803
52818
20056
20066
52843
20078
20084
20085
20087
20088
52858
20091
20098
20103
20112
52884
52898
20134
20144
52917
52921
20157
20170
20172
52945
20189
20205
20212
20225
52997
53004
53005
20242
53020
53023
53027
20260
20264
20267
20271
20272
53041
53043
20276
20278
53046
53047
53050
53052
53056
53064
20298
53069
20304
20305
53074
20307
53079
20312
53086
20322
20329
20334
20350
53121
20355
20358
53129
53143
53155
20397
20405
53182
20420
53191
53210
20443
53223
20456
20459
20472
53242
53245
20488
53283
20522
53310
20554
20556
53327
53329
53335
20568
53337
20567
53338
53342
53343
53345
53354
53356
20593
53362
53364
20603
20606
20609
20612
53385
20621
20626
20628
20629
20630
53405
53409
53415
53435
20667
53450
53451
53459
20691
53468
20705
53478
53486
20719
53488
53495
53497
53505
53521
20764
53535
53541
53542
20776
20781
20783
53556
53557
20793
53565
20799
53574
53582
53590
53599
20840
53609
20853
53627
53635
20868
53647
20888
53658
53662
53667
20900
20902
53672
20906
20907
20909
53678
20923
53693
20930
20932
53708
20947
53721
53722
20955
20958
53736
53737
53741
20983
53754
53765
21006
53776
21015
53788
21025
53794
53796
21030
21036
21037
21038
53810
21045
21047
21059
21060
53830
53837
53840
21081
53850
53854
21091
21100
53868
21101
53872
53879
53882
21117
53886
53887
53889
21125
21128
21130
21132
53903
21135
21140
53912
53915
21151
53925
21168
21174
21187
53959
21208
21211
53980
21215
53988
53989
53990
21222
21224
53996
54011
54015
21248
21251
54025
21261
21273
54043
54052
21286
21287
54055
21289
54059
21292
54065
54066
54070
21307
54081
54085
54088
54089
21330
54104
21340
21352
21358
54133
54146
54149
54154
54173
54182
21416
21422
21432
54203
54207
21441
21444
21445
54215
54221
54226
21463
21465
54234
54239
54240
54241
54242
21471
54257
21492
54260
21494
54263
54267
21500
21502
54276
54283
54285
54294
21527
54296
21542
21550
54319
54323
21555
21558
21560
21562
21571
54339
54343
21576
21575
54359
21592
54368
54370
54387
54392
21631
54405
21638
54411
54412
21648
21651
54420
54435
54437
54443
21682
54454
21692
54462
21695
54471
54474
54480
21712
21715
54492
21725
21727
54513
54522
54524
54526
54530
21763
21766
54535
54536
54538
21776
54546
21780
21785
54560
54562
21794
54564
54565
54567
54575
54584
54586
54613
54617
21849
54619
54621
21853
21855
54622
21858
21861
54636
21868
54643
54644
54646
21883
21896
21905
54676
21914
54687
21920
21926
54708
54709
21943
21965
54736
21970
21976
21978
21983
21993
21995
54765
22000
22004
22007
54782
54795
54807
54820
54824
54829
54840
54842
54846
22079
22086
22090
54859
54861
54865
54866
54873
22116
22120
22121
54890
22126
54897
54902
22135
54918
54919
54923
54928
54938
54949
22184
54955
54959
22192
22193
54962
22217
54989
22221
22223
54994
54996
22231
55000
22236
55015
22253
55024
22257
55030
55031
55040
22273
22272
22275
22274
22277
22280
22285
22289
55060
55065
55072
55075
22319
22321
55100
55105
22339
55108
55113
22348
22354
22355
22358
22365
22373
22380
22383
22386
22406
55174
22409
22420
22425
22426
55196
55202
22440
22441
55211
55215
22448
55217
22451
22455
22456
22457
22459
55227
22468
55244
22481
55250
22483
22489
55259
55268
55269
55271
22505
22510
55280
55287
55290
22536
22537
55305
55307
55311
22544
22548
55317
55323
55336
22569
22568
22571
22588
22591
55367
22601
22626
22630
55400
55401
55411
55412
22658
22663
55432
55439
22673
22683
22705
55476
22711
55481
55483
55484
55489
22723
55499
22740
55513
55534
22768
22773
22775
22784
22785
22787
22792
22794
55566
55571
22809
22811
22812
55582
55584
55585
55593
55597
22831
55606
55607
22848
55617
22855
55625
22868
55638
22872
55646
22881
22889
55658
22890
55665
55667
55671
55675
22911
22913
22922
22926
22927
22930
22931
22934
55704
55705
22943
22946
55727
22959
55730
22963
55736
22969
55748
55755
55761
55770
23003
55798
23031
55801
23034
55805
55814
23048
55820
23058
23060
55839
55840
55841
55846
55852
55864
55867
55869
23109
55880
23115
55889
23126
55894
55896
23137
55918
23150
55925
55929
55937
23174
55955
23198
55968
55976
55988
23221
23222
23224
23226
23232
23233
56002
23242
56013
56020
23254
56025
56026
23259
23262
23263
23265
56036
23269
23270
56050
56057
56059
56065
56070
23308
56077
56088
56093
23329
23332
23334
23335
23336
56106
23345
56120
23358
56133
56142
56146
23381
56162
56171
56187
56192
23424
23430
23434
56211
23449
23457
56234
23488
23495
56265
23517
23522
56291
56293
56307
23541
23542
23544
23560
23563
23580
56351
23583
23586
23587
23591
23595
23603
56384
23643
23663
23665
56451
23684
23685
56454
23688
23689
56461
23694
56462
23693
23699
56469
23702
56477
23710
23714
56484
56490
23729
56502
23734
56505
23746
23747
23750
56525
56533
56534
56535
23769
56539
56541
23786
23791
23794
56563
23800
23808
23819
56590
56593
23828
23831
23832
56600
23834
23839
56608
23854
23865
23875
23885
56657
23890
56659
56670
23911
56686
56696
56703
56704
56705
56720
56724
56732
23965
23967
23978
56748
56762
56767
56769
24008
56781
24034
56803
24038
56810
24042
24060
56829
56831
56833
56842
56846
56847
56848
56851
56852
24085
56857
24096
24101
56872
24105
24107
56879
24112
24128
56897
24138
24139
56906
56912
24146
56919
24156
56934
24172
56941
24178
24180
56957
24193
56968
24202
56979
24212
56988
24226
24230
24233
57002
24239
24240
24242
57011
24248
57019
57025
57026
57030
24270
24272
57047
57050
57052
57055
57061
57063
24303
24313
57096
24330
57107
57110
24348
57135
57140
24373
24381
57159
57169
24414
24419
24420
57190
24432
24435
24441
24447
57219
57220
24457
24463
24466
24472
57258
24490
24492
57263
57270
57272
57276
57277
57279
57285
24523
24525
57305
57306
57314
57315
57320
24555
57324
24560
24563
57340
24575
24576
24585
57355
57358
57367
24604
57373
57387
57395
24631
57418
57426
24662
24664
57438
24671
24674
24684
57459
24698
24704
24709
24710
24713
57486
57487
24720
24721
57490
57502
24744
24750
24751
57529
57535
57545
24779
57548
57550
57552
57553
24787
57555
24791
57573
24813
24816
24817
57588
57591
57615
24850
24851
57620
24857
24860
57633
24869
57638
24873
57641
24891
24895
24898
24899
24900
57670
24911
57688
57692
24925
24946
24950
57718
24959
57740
24977
57758
57766
24999
57768
25003
57772
25005
25007
25008
57778
57779
25019
57793
57804
57806
57814
57829
57833
57835
57844
57854
57855
25092
57868
25101
57875
57877
25116
57885
57895
25128
57897
57905
25155
25161
25163
25177
57947
57948
57949
57956
25194
57963
25196
57969
57985
25219
25223
57995
25234
25240
58009
25241
58028
25262
25268
58036
25270
58039
58041
25276
25279
25297
25298
58069
58075
25312
25313
25319
58087
58096
58098
58103
25337
25339
25340
58109
58112
58119
58122
25364
25375
25383
25389
58167
58174
25407
58179
25412
25414
58184
58186
25420
25422
25427
58196
58198
58206
25441
25446
58215
25449
25450
25451
58229
25469
58239
25472
58265
58276
58294
25527
25528
58304
25537
25539
25542
58311
25557
58343
58344
25587
58356
25594
25601
25602
25606
58374
25607
25610
58386
25624
58394
25633
58407
25656
58425
58428
25665
58437
58447
25680
25685
58459
58473
58474
58476
58477
25710
58482
58484
58485
58486
25724
25728
58516
58527
25765
58538
25776
58546
58551
58563
25802
25805
58573
25807
58578
58581
25814
25819
25835
58608
25852
25860
25865
58637
58648
25883
58652
25885
58654
25890
58660
58661
58663
58665
25901
25908
58678
25914
25915
58685
58690
58691
25925
25928
25933
25946
25951
58720
58722
58744
58745
58752
58755
58757
25997
58765
26002
58772
58775
26007
58780
26014
26015
58792
58794
58798
26036
58805
26037
58817
58823
26057
26061
26063
58838
26071
26075
58854
58856
26095
58863
58868
58876
58886
26120
58903
58911
26145
26149
58923
26169
26172
26173
58946
58948
58951
58961
58966
58978
58985
59009
26241
59011
26242
59018
59019
59022
59023
59037
59042
26277
26290
59059
59058
59061
59075
26311
59084
26326
59095
26328
26337
26338
59112
59126
26360
26383
26388
59159
59161
26397
59168
26414
26416
59185
59189
26423
26435
59206
59211
59217
26461
59234
59237
26470
59239
26474
26476
59249
26485
59257
59269
26506
26509
59278
59294
26531
59312
26545
26558
59331
26564
59348
26582
59352
26589
26591
26599
26604
26605
59377
59390
26626
26638
26640
59417
59420
59429
26662
59434
26671
26672
59439
26673
26677
59449
59450
59454
26686
26698
26705
59477
59486
59498
26737
26738
59507
26741
59511
26743
26745
59515
26754
26761
26765
26784
59553
26787
26793
26798
26802
26807
26822
59596
59605
59612
26854
59622
26860
59630
26872
59646
59647
26881
26887
26905
26909
26910
59680
59686
26920
26921
26924
26928
59699
26935
59705
59722
26963
59733
59736
59762
26995
59766
59776
27017
27018
27019
59788
59794
27026
27027
59801
27069
59848
59849
59854
59865
59868
59883
27118
27119
59886
27127
59896
27128
59898
27130
59902
27135
59905
59913
59914
27160
27175
59946
59958
27207
27216
27218
27234
27315
27348
27350
27361
27362
27378
27404
27409
27439
27446
27448
27454
27461
27468
27475
27490
27494
27514
27518
27532
27564
27569
27580
27582
27594
27618
27628
27633
27661
27662
27671
27679
27680
27682
27695
27712
27713
27715
27734
27741
27746
27752
27756
27769
27806
27813
27817
27824
27861
27875
27876
27881
27895
27903
27918
27929
27936
27949
27950
27959
27962
27965
27974
27977
28002
28033
28035
28049
28065
28070
28074
28086
28094
28100
28107
28109
28110
28119
28120
28122
28127
28133
28151
28173
28177
28181
28189
28193
28197
28199
28200
28209
28220
28251
28258
28265
28274
28281
28288
28290
28306
28324
28335
28339
28359
28395
28406
28417
28428
28435
28446
28447
28464
28467
28472
28496
28517
28542
28575
28577
28603
28610
28617
28634
28653
28665
28670
28681
28683
28689
28699
28718
28739
28741
28748
28780
28794
28806
28820
28823
28825
28829
28832
28843
28844
28854
28877
28899
28917
28938
28939
28945
28949
28964
28973
28992
28995
29009
29018
29022
29027
29034
29052
29066
29070
29073
29112
29135
29142
29151
29172
29191
29197
29226
29247
29261
29262
29263
29265
29280
29287
29291
29308
29325
29346
29382
29383
29385
29405
29410
29414
29419
29430
29439
29444
29449
29450
29451
29456
29460
29467
29469
29531
29562
29565
29566
29571
29576
29580
29594
29601
29608
29609
29620
29624
29625
29629
29645
29646
29650
29677
29678
29697
29698
29702
29717
29723
29729
29732
29735
29758
29759
29763
29769
29770
29775
29779
29782
29785
29790
29799
29806
29815
29822
29829
29830
29842
29851
29877
29886
29898
29899
29910
29911
29918
29921
29929
29933
29939
29953
29970
29988
29991
30002
30004
30020
30022
30041
30073
30085
30093
30116
30118
30121
30123
30133
30149
30156
30157
30158
30195
30202
30203
30207
30208
30231
30283
30284
30300
30308
30310
30317
30341
30357
30383
30390
30392
30421
30439
30447
30467
30469
30470
30471
30480
30481
30487
30489
30490
30500
30534
30536
30547
30556
30571
30580
30593
30597
30600
30607
30609
30617
30630
30633
30646
30657
30658
30690
30728
30749
30753
30766
30767
30785
30802
30820
30825
30834
30838
30861
30864
30873
30877
30902
30912
30913
30917
30924
30926
30927
30932
30939
30941
30955
30956
30962
30964
30968
30987
31002
31010
31018
31020
31033
31034
31035
31040
31049
31050
31055
31059
31074
31082
31083
31107
31114
31123
31142
31150
31151
31157
31169
31172
31188
31195
31220
31232
31234
31235
31255
31265
31271
31279
31280
31295
31329
31332
31335
31336
31403
31411
31422
31430
31433
31436
31438
31442
31461
31462
31492
31497
31500
31506
31510
31514
31518
31521
31572
31610
31614
31636
31651
31654
31670
31675
31679
31684
31691
31719
31734
31737
31752
31753
31768
31803
31812
31822
31843
31845
31860
31864
31867
31869
31876
31888
31890
31895
31909
31934
31935
31948
31958
31962
31993
31998
31999
32010
32026
32040
32055
32056
32063
32080
32087
32089
32135
32150
32154
32157
32166
32176
32187
32188
32204
32205
32230
32233
32237
32246
32251
32255
32264
32272
32287
32293
32302
32303
32313
32314
32317
32327
32349
32354
32359
32367
32368
32375
32381
32389
32397
32411
32414
32441
32458
32459
32486
32499
32503
32519
32529
32540
32547
32551
32555
32558
32577
32582
32583
32608
32621
32634
32639
32653
32663
32664
32684
32692
32694
32695
32701
32709
32741
32743
32752
